#And
000.0000  48.0000
002.5000  48.0000
002.5000  46.0000
013.0000  46.0000
013.0000  48.0000
016.7500  48.0000
016.7500  50.0000
020.5000  50.0000
025.0000  50.0000
025.0000  47.0000
030.6250  47.0000
030.6250  50.5000
037.7500  50.5000
037.7500  36.7500
030.0000  36.7500
030.0000  35.0000
021.1250  35.0000
021.1250  33.0000
010.7500  33.0000
010.7500  23.7500
012.7500  23.7500
012.7500  21.0000
002.1250  21.0000
002.1250  22.0000
001.0000  22.0000
001.0000  28.0000
000.0000  28.0000
000.0000  31.3333
000.0000  48.0000

360.0000  31.3333
356.2500  31.3333
356.2500  32.0833
352.5000  32.0833
352.5000  34.5000
343.0000  34.5000
343.0000  52.5000
350.0000  52.5000
350.0000  50.0000
353.7500  50.0000
353.7500  48.0000
360.0000  48.0000
360.0000  31.3333
#Ant
140.5000 -24.0000
146.2500 -24.0000
146.2500 -26.5000
153.7500 -26.5000
153.7500 -29.1667
158.7500 -29.1667
158.7500 -31.1667
162.5000 -31.1667
162.5000 -35.0000
165.0000 -35.0000
165.0000 -39.7500
140.5000 -39.7500
140.5000 -36.7500
140.5000 -24.0000
#Aps
205.0000 -82.5000
205.0000 -75.0000
205.0000 -70.0000
221.2500 -70.0000
255.0000 -70.0000
255.0000 -67.5000
262.5000 -67.5000
270.0000 -67.5000
270.0000 -75.0000
270.0000 -82.5000
205.0000 -82.5000
#Aqr (\AQ)
308.0000   0.0000
308.0000   2.0000
312.5000   2.0000
320.0000   2.0000
322.0000   2.0000
322.0000   2.7500
325.0000   2.7500
325.0000   1.7500
330.0000   1.7500
330.0000   2.0000
341.2500   2.0000
341.2500   0.0000
341.2500  -4.0000
357.5000  -4.0000
357.5000  -7.0000
357.5000 -25.5000
345.0000 -25.5000
328.0000 -25.5000
328.0000  -9.0000
320.0000  -9.0000
320.0000 -15.0000
308.0000 -15.0000
308.0000  -9.0000
308.0000   0.0000
#Aql
278.7500   0.0000
278.7500   2.0000
283.0000   2.0000
283.0000   6.2500
279.9333   6.2500
279.9333  12.0000
283.0000  12.0000
283.0000  18.5000
285.0000  18.5000
285.0000  16.1667
297.5000  16.1667
297.5000  15.7500
302.1250  15.7500
302.1250   8.5000
304.5000   8.5000
304.5000   2.0000
308.0000   2.0000
308.0000   0.0000
308.0000  -9.0000
300.0000  -9.0000
300.0000 -12.0333
283.0000 -12.0333
283.0000  -4.0000
278.7500  -4.0000
278.7500   0.0000
#Ara
246.3125 -60.0000
246.3125 -45.5000
267.5000 -45.5000
270.0000 -45.5000
270.0000 -57.0000
262.5000 -57.0000
262.5000 -67.5000
255.0000 -67.5000
252.5000 -67.5000
252.5000 -65.0000
251.2500 -65.0000
251.2500 -63.5833
248.7500 -63.5833
248.7500 -61.0000
246.3125 -61.0000
246.3125 -60.0000
#Ari (\AR)
030.0000   9.9167
025.0000   9.9167
025.0000  25.0000
028.7500  25.0000
028.7500  27.2500
036.2500  27.2500
036.2500  30.6667
040.7500  30.6667
050.5000  30.6667
050.5000  19.0000
049.2500  19.0000
049.2500   9.9167
030.0000   9.9167
#Aur
067.5000  30.6667
067.5000  36.0000
070.3750  36.0000
070.3750  52.5000
075.0000  52.5000
075.0000  56.0000
091.5000  56.0000
091.5000  54.0000
097.5000  54.0000
097.5000  50.0000
102.0000  50.0000
102.0000  44.5000
110.5000  44.5000
110.5000  35.5000
098.0000  35.5000
098.0000  28.0000
088.2500  28.0000
088.2500  28.5000
071.2500  28.5000
071.2500  30.0000
067.5000  30.0000
067.5000  30.6667
#Boo
226.2500   8.0000
202.5000   8.0000
202.5000  15.0000
202.5000  28.5000
209.3750  28.5000
209.3750  30.7500
210.5000  30.7500
210.5000  48.5000
210.5000  55.5000
216.2500  55.5000
228.7500  55.5000
228.7500  53.0000
236.2500  53.0000
236.2500  51.5000
236.2500  40.0000
231.5000  40.0000
231.5000  33.0000
227.7500  33.0000
227.7500  26.0000
226.2500  26.0000
226.2500   8.0000
#Cae
064.0000 -40.0000
064.0000 -37.0000
068.7500 -37.0000
068.7500 -30.0000
070.5000 -30.0000
070.5000 -27.2500
072.5000 -27.2500
075.0000 -27.2500
075.0000 -43.0000
072.5000 -43.0000
072.5000 -46.5000
067.5000 -46.5000
067.5000 -49.0000
064.0000 -49.0000
064.0000 -40.0000
#Cam
091.5000  56.0000
075.0000  56.0000
075.0000  52.5000
070.3750  52.5000
050.0000  52.5000
050.0000  55.0000
047.5000  55.0000
047.5000  57.0000
046.5000  57.0000
046.5000  68.0000
051.2500  68.0000
051.2500  77.0000
052.6250  77.0000
052.6250  80.0000
075.0000  80.0000
075.0000  85.0000
120.0000  85.0000
120.0000  86.5000
217.5000  86.5000
217.5000  80.0000
203.7500  80.0000
203.7500  77.0000
195.0000  77.0000
172.5000  77.0000
172.5000  80.0000
160.0000  80.0000
160.0000  82.0000
137.5000  82.0000
137.5000  73.5000
119.5000  73.5000
119.5000  60.0000
105.0000  60.0000
105.0000  62.0000
091.5000  62.0000
091.5000  56.0000
#Cnc (\CA)
138.7500   7.0000
121.2500   7.0000
118.8750   7.0000
118.8750  10.0000
117.1250  10.0000
117.1250  13.5000
117.1250  20.0000
118.2500  20.0000
118.2500  28.0000
120.0000  28.0000
120.0000  33.5000
138.7500  33.5000
138.7500   7.0000
#CVn
180.0000  34.0000
180.0000  45.0000
181.2500  45.0000
181.2500  53.0000
202.5000  53.0000
202.5000  48.5000
210.5000  48.5000
210.5000  30.7500
209.3750  30.7500
209.3750  28.5000
202.5000  28.5000
198.7500  28.5000
198.7500  32.0000
185.0000  32.0000
185.0000  34.0000
180.0000  34.0000
#CMa
091.7500 -11.0000
110.5000 -11.0000
110.5000 -33.0000
098.7500 -33.0000
091.7500 -33.0000
091.7500 -27.2500
091.7500 -11.0000
#CMi
121.2500   0.0000
108.0000   0.0000
108.0000   1.5000
105.2500   1.5000
105.2500   5.5000
105.0000   5.5000
105.0000  10.0000
105.0000  12.5000
112.5000  12.5000
112.5000  13.5000
117.1250  13.5000
117.1250  10.0000
118.8750  10.0000
118.8750   7.0000
121.2500   7.0000
121.2500   0.0000
#Cap (\CP)
308.0000  -9.0000
308.0000 -15.0000
320.0000 -15.0000
320.0000  -9.0000
328.0000  -9.0000
328.0000 -25.5000
320.0000 -25.5000
320.0000 -28.0000
305.0000 -28.0000
300.0000 -28.0000
300.0000 -12.0333
300.0000  -9.0000
308.0000  -9.0000
#Car
168.7500 -56.5000
168.7500 -64.0000
168.7500 -75.0000
135.5000 -75.0000
135.5000 -64.0000
102.5000 -64.0000
102.5000 -58.0000
097.5000 -58.0000
097.5000 -55.0000
092.5000 -55.0000
092.5000 -52.5000
090.0000 -52.5000
090.0000 -50.7500
120.0000 -50.7500
122.5000 -50.7500
122.5000 -53.0000
126.7500 -53.0000
126.7500 -54.5000
132.5000 -54.5000
132.5000 -56.5000
165.0000 -56.5000
168.7500 -56.5000
#Cas
000.0000  48.0000
000.0000  66.0000
005.0000  66.0000
005.0000  77.0000
051.2500  77.0000
051.2500  68.0000
046.5000  68.0000
046.5000  57.0000
036.5000  57.0000
036.5000  58.5000
028.6250  58.5000
028.6250  57.5000
025.5000  57.5000
025.5000  54.0000
020.5000  54.0000
020.5000  50.0000
016.7500  50.0000
016.7500  48.0000
013.0000  48.0000
013.0000  46.0000
002.5000  46.0000
002.5000  48.0000
000.0000  48.0000

360.0000  48.0000
353.7500  48.0000
353.7500  50.0000
350.0000  50.0000
350.0000  52.5000
343.0000  52.5000
343.0000  56.2500
343.0000  59.0833
347.5000  59.0833
347.5000  63.0000
353.7500  63.0000
353.7500  66.0000
360.0000  66.0000
360.0000  48.0000
#Cen
165.0000 -35.0000
183.7500 -35.0000
183.7500 -33.0000
188.7500 -33.0000
188.7500 -29.5000
223.7500 -29.5000
223.7500 -42.0000
212.5000 -42.0000
212.5000 -55.0000
218.0000 -55.0000
218.0000 -64.0000
202.5000 -64.0000
192.5000 -64.0000
192.5000 -55.0000
177.5000 -55.0000
177.5000 -64.0000
168.7500 -64.0000
168.7500 -56.5000
165.0000 -56.5000
165.0000 -39.7500
165.0000 -35.0000
#Cep
360.0000  66.0000
353.7500  66.0000
353.7500  63.0000
347.5000  63.0000
347.5000  59.0833
343.0000  59.0833
343.0000  56.2500
334.7500  56.2500
334.7500  55.0000
332.0000  55.0000
332.0000  52.7500
329.5000  52.7500
329.5000  54.8333
309.0000  54.8333
309.0000  60.9167
308.0500  60.9167
308.0500  59.5000
300.0000  59.5000
300.0000  61.5000
306.2500  61.5000
306.2500  67.0000
310.0000  67.0000
310.0000  75.0000
302.5000  75.0000
302.5000  80.0000
315.0000  80.0000
315.0000  86.0000
315.0000  86.1667
345.0000  86.1667
345.0000  88.0000
360.0000  88.0000
360.0000  66.0000

000.0000  66.0000
000.0000  88.0000
120.0000  88.0000
120.0000  86.5000
120.0000  85.0000
075.0000  85.0000
075.0000  80.0000
052.6250  80.0000
052.6250  77.0000
051.2500  77.0000
005.0000  77.0000
005.0000  66.0000
000.0000  66.0000
#Cet
000.0000  -7.0000
005.0000  -7.0000
005.0000   0.0000
005.0000   2.0000
030.0000   2.0000
030.0000   9.9167
049.2500   9.9167
049.2500   0.0000
049.2500  -1.7500
039.7500  -1.7500
039.7500 -24.3833
025.0000 -24.3833
025.0000 -25.5000
000.0000 -25.5000
000.0000  -7.0000

360.0000 -25.5000
357.5000 -25.5000
357.5000  -7.0000
360.0000  -7.0000
360.0000 -25.5000
#Cha
115.0000 -82.5000
115.0000 -75.0000
135.5000 -75.0000
168.7500 -75.0000
205.0000 -75.0000
205.0000 -82.5000
115.0000 -82.5000
#Cir
202.5000 -64.0000
218.0000 -64.0000
218.0000 -55.0000
225.7500 -55.0000
230.0000 -55.0000
230.0000 -60.0000
230.0000 -61.0000
227.5000 -61.0000
227.5000 -63.5833
223.7500 -63.5833
223.7500 -67.5000
221.2500 -67.5000
221.2500 -70.0000
205.0000 -70.0000
205.0000 -65.0000
202.5000 -65.0000
202.5000 -64.0000
#Col
075.0000 -43.0000
075.0000 -27.2500
091.7500 -27.2500
091.7500 -33.0000
098.7500 -33.0000
098.7500 -43.0000
090.0000 -43.0000
075.0000 -43.0000
#Com
178.0000  14.0000
178.0000  29.0000
180.0000  29.0000
180.0000  34.0000
185.0000  34.0000
185.0000  32.0000
198.7500  32.0000
198.7500  28.5000
202.5000  28.5000
202.5000  15.0000
192.5000  15.0000
192.5000  14.0000
178.0000  14.0000
#Cra
267.5000 -37.0000
287.5000 -37.0000
287.5000 -45.5000
270.0000 -45.5000
267.5000 -45.5000
267.5000 -37.0000
#CrB
227.7500  26.0000
227.7500  33.0000
231.5000  33.0000
231.5000  40.0000
236.2500  40.0000
245.0000  40.0000
245.0000  27.0000
242.5000  27.0000
242.5000  26.0000
240.5000  26.0000
227.7500  26.0000
#Crv
192.5000 -11.0000
192.5000 -22.0000
188.7500 -22.0000
188.7500 -24.5000
177.5000 -24.5000
177.5000 -11.0000
192.5000 -11.0000
#Crt
161.2500  -6.0000
172.7500  -6.0000
177.5000  -6.0000
177.5000 -11.0000
177.5000 -24.5000
162.5000 -24.5000
162.5000 -19.0000
161.2500 -19.0000
161.2500 -11.0000
161.2500  -6.0000
#Cru
177.5000 -55.0000
192.5000 -55.0000
192.5000 -64.0000
177.5000 -64.0000
177.5000 -55.0000
#Cyg
288.8750  27.5000
288.8750  30.0000
290.3750  30.0000
290.3750  36.5000
291.0000  36.5000
291.0000  43.5000
287.5000  43.5000
287.5000  47.5000
286.2500  47.5000
286.2500  55.5000
291.2500  55.5000
291.2500  58.0000
296.5000  58.0000
296.5000  59.5000
300.0000  59.5000
308.0500  59.5000
308.0500  60.9167
309.0000  60.9167
309.0000  54.8333
329.5000  54.8333
329.5000  52.7500
329.5000  44.0000
328.6250  44.0000
328.6250  43.7500
328.1250  43.7500
328.1250  36.0000
326.0000  36.0000
326.0000  28.0000
321.2500  28.0000
313.7500  28.0000
313.7500  29.0000
295.0000  29.0000
295.0000  27.5000
288.8750  27.5000
#Del
308.0000   2.0000
304.5000   2.0000
304.5000   8.5000
302.1250   8.5000
302.1250  15.7500
303.7500  15.7500
303.7500  20.5000
308.5000  20.5000
308.5000  19.5000
315.7500  19.5000
315.7500  11.8333
313.1250  11.8333
313.1250   6.0000
312.5000   6.0000
312.5000   2.0000
308.0000   2.0000
#Dor
057.5000 -53.1667
057.5000 -51.0000
061.2500 -51.0000
061.2500 -49.0000
064.0000 -49.0000
067.5000 -49.0000
067.5000 -54.0000
075.0000 -54.0000
075.0000 -57.5000
082.5000 -57.5000
082.5000 -61.0000
090.0000 -61.0000
090.0000 -64.0000
098.7500 -64.0000
098.7500 -70.0000
068.7500 -70.0000
068.7500 -67.5000
068.7500 -59.0000
065.0000 -59.0000
065.0000 -56.5000
060.0000 -56.5000
060.0000 -53.1667
057.5000 -53.1667
#Dra
137.5000  73.5000
137.5000  82.0000
160.0000  82.0000
160.0000  80.0000
172.5000  80.0000
172.5000  77.0000
195.0000  77.0000
195.0000  70.0000
210.0000  70.0000
210.0000  66.0000
235.0000  66.0000
235.0000  70.0000
248.0000  70.0000
248.0000  75.0000
262.5000  75.0000
262.5000  80.0000
270.0000  80.0000
270.0000  86.0000
315.0000  86.0000
315.0000  80.0000
302.5000  80.0000
302.5000  75.0000
310.0000  75.0000
310.0000  67.0000
306.2500  67.0000
306.2500  61.5000
300.0000  61.5000
300.0000  59.5000
296.5000  59.5000
296.5000  58.0000
291.2500  58.0000
291.2500  55.5000
286.2500  55.5000
286.2500  47.5000
273.5000  47.5000
273.5000  50.5000
255.0000  50.5000
255.0000  51.5000
236.2500  51.5000
236.2500  53.0000
228.7500  53.0000
228.7500  55.5000
216.2500  55.5000
216.2500  63.0000
202.5000  63.0000
202.5000  64.0000
180.0000  64.0000
180.0000  66.5000
170.0000  66.5000
170.0000  73.5000
137.5000  73.5000
#Equ
312.5000   2.0000
312.5000   6.0000
313.1250   6.0000
313.1250  11.8333
315.7500  11.8333
316.7500  11.8333
316.7500  12.5000
320.0000  12.5000
320.0000   2.0000
312.5000   2.0000
#Eri
053.7500   0.0000
069.2500   0.0000
070.0000   0.0000
070.0000  -4.0000
076.2500  -4.0000
076.2500 -11.0000
073.7500 -11.0000
073.7500 -14.5000
072.5000 -14.5000
072.5000 -27.2500
070.5000 -27.2500
070.5000 -30.0000
068.7500 -30.0000
068.7500 -37.0000
064.0000 -37.0000
064.0000 -40.0000
058.0000 -40.0000
058.0000 -44.0000
051.2500 -44.0000
051.2500 -46.0000
045.0000 -46.0000
045.0000 -49.0000
040.0000 -49.0000
040.0000 -51.0000
036.2500 -51.0000
036.2500 -54.0000
032.5000 -54.0000
032.5000 -58.5000
020.0000 -58.5000
020.0000 -53.5000
023.7500 -53.5000
023.7500 -51.5000
027.5000 -51.5000
027.5000 -48.1667
035.0000 -48.1667
035.0000 -40.0000
045.0000 -40.0000
045.0000 -39.5833
052.5000 -39.5833
052.5000 -36.0000
056.2500 -36.0000
056.2500 -24.3833
039.7500 -24.3833
039.7500  -1.7500
049.2500  -1.7500
053.7500  -1.7500
053.7500   0.0000
#For
025.0000 -24.3833
039.7500 -24.3833
056.2500 -24.3833
056.2500 -36.0000
052.5000 -36.0000
052.5000 -39.5833
045.0000 -39.5833
045.0000 -40.0000
035.0000 -40.0000
025.0000 -40.0000
025.0000 -25.5000
025.0000 -24.3833
#Gem (\GE)
094.6250  12.0000
094.6250  17.5000
093.2500  17.5000
093.2500  21.5000
088.2500  21.5000
088.2500  22.8333
088.2500  28.0000
098.0000  28.0000
098.0000  35.5000
110.5000  35.5000
116.2500  35.5000
116.2500  33.5000
120.0000  33.5000
120.0000  28.0000
118.2500  28.0000
118.2500  20.0000
117.1250  20.0000
117.1250  13.5000
112.5000  13.5000
112.5000  12.5000
105.0000  12.5000
105.0000  10.0000
104.0000  10.0000
104.0000  12.0000
094.6250  12.0000
#Gru
320.0000 -37.0000
345.0000 -37.0000
350.0000 -37.0000
350.0000 -40.0000
350.0000 -57.0000
330.0000 -57.0000
330.0000 -50.0000
320.0000 -50.0000
320.0000 -45.5000
320.0000 -37.0000
#Her
244.0000   4.0000
241.2500   4.0000
241.2500  16.0000
238.7500  16.0000
238.7500  22.0000
240.5000  22.0000
240.5000  26.0000
242.5000  26.0000
242.5000  27.0000
245.0000  27.0000
245.0000  40.0000
236.2500  40.0000
236.2500  51.5000
255.0000  51.5000
255.0000  50.5000
273.5000  50.5000
273.5000  47.5000
272.6250  47.5000
272.6250  30.0000
275.5000  30.0000
275.5000  26.0000
283.0000  26.0000
283.0000  25.5000
283.0000  21.0833
283.0000  18.5000
283.0000  12.0000
279.9333  12.0000
273.7500  12.0000
273.7500  14.3333
258.7500  14.3333
258.7500  12.8333
251.2500  12.8333
251.2500   4.0000
244.0000   4.0000
#Hor
064.0000 -40.0000
064.0000 -49.0000
061.2500 -49.0000
061.2500 -51.0000
057.5000 -51.0000
057.5000 -53.1667
052.5000 -53.1667
052.5000 -57.5000
048.0000 -57.5000
048.0000 -67.5000
032.5000 -67.5000
032.5000 -58.5000
032.5000 -54.0000
036.2500 -54.0000
036.2500 -51.0000
040.0000 -51.0000
040.0000 -49.0000
045.0000 -49.0000
045.0000 -46.0000
051.2500 -46.0000
051.2500 -44.0000
058.0000 -44.0000
058.0000 -40.0000
064.0000 -40.0000
#Hya
121.2500   0.0000
121.2500   7.0000
138.7500   7.0000
143.7500   7.0000
143.7500   0.0000
143.7500 -11.0000
161.2500 -11.0000
161.2500 -19.0000
162.5000 -19.0000
162.5000 -24.5000
177.5000 -24.5000
188.7500 -24.5000
188.7500 -22.0000
192.5000 -22.0000
213.7500 -22.0000
213.7500 -24.5000
223.7500 -24.5000
223.7500 -29.5000
188.7500 -29.5000
188.7500 -33.0000
183.7500 -33.0000
183.7500 -35.0000
165.0000 -35.0000
162.5000 -35.0000
162.5000 -31.1667
158.7500 -31.1667
158.7500 -29.1667
153.7500 -29.1667
153.7500 -26.5000
146.2500 -26.5000
146.2500 -24.0000
140.5000 -24.0000
136.2500 -24.0000
136.2500 -19.0000
128.7500 -19.0000
128.7500 -17.0000
125.5000 -17.0000
125.5000 -11.0000
121.2500 -11.0000
121.2500   0.0000
#Hyi
068.7500 -67.5000
068.7500 -70.0000
068.7500 -75.0000
052.5000 -75.0000
052.5000 -82.5000
000.0000 -82.5000
000.0000 -75.0000
011.2500 -75.0000
011.2500 -76.0000
020.0000 -76.0000
020.0000 -58.5000
032.5000 -58.5000
032.5000 -67.5000
048.0000 -67.5000
068.7500 -67.5000
#Ind
320.0000 -75.0000
320.0000 -60.0000
305.0000 -60.0000
305.0000 -57.0000
305.0000 -45.5000
320.0000 -45.5000
320.0000 -50.0000
330.0000 -50.0000
330.0000 -57.0000
330.0000 -67.5000
350.0000 -67.5000
350.0000 -75.0000
320.0000 -75.0000
#Lac
328.1250  36.0000
328.1250  43.7500
328.6250  43.7500
328.6250  44.0000
329.5000  44.0000
329.5000  52.7500
332.0000  52.7500
332.0000  55.0000
334.7500  55.0000
334.7500  56.2500
343.0000  56.2500
343.0000  52.5000
343.0000  34.5000
342.2500  34.5000
342.2500  35.0000
330.0000  35.0000
330.0000  36.0000
328.1250  36.0000
#Leo (\LE)
161.2500   0.0000
161.2500   7.0000
143.7500   7.0000
138.7500   7.0000
138.7500  33.5000
148.2500  33.5000
148.2500  28.5000
157.5000  28.5000
157.5000  23.5000
161.2500  23.5000
161.2500  25.5000
165.0000  25.5000
165.0000  29.0000
178.0000  29.0000
178.0000  14.0000
178.0000  11.0000
172.7500  11.0000
172.7500   0.0000
172.7500  -6.0000
161.2500  -6.0000
161.2500   0.0000
#LMi
138.7500  33.5000
138.7500  39.7500
143.7500  39.7500
143.7500  42.0000
152.5000  42.0000
152.5000  40.0000
161.7500  40.0000
161.7500  34.0000
165.0000  34.0000
165.0000  29.0000
165.0000  25.5000
161.2500  25.5000
161.2500  23.5000
157.5000  23.5000
157.5000  28.5000
148.2500  28.5000
148.2500  33.5000
138.7500  33.5000
#Lep
072.5000 -27.2500
072.5000 -14.5000
073.7500 -14.5000
073.7500 -11.0000
076.2500 -11.0000
087.5000 -11.0000
091.7500 -11.0000
091.7500 -27.2500
075.0000 -27.2500
072.5000 -27.2500
#Lib (\LI)
226.2500   0.0000
226.2500  -3.2500
238.7500  -3.2500
238.7500  -8.0000
238.7500 -20.0000
235.0000 -20.0000
235.0000 -29.5000
223.7500 -29.5000
223.7500 -24.5000
213.7500 -24.5000
213.7500 -22.0000
213.7500  -8.0000
220.0000  -8.0000
220.0000   0.0000
226.2500   0.0000
#Lup
212.5000 -55.0000
212.5000 -42.0000
223.7500 -42.0000
223.7500 -29.5000
235.0000 -29.5000
240.0000 -29.5000
240.0000 -42.0000
235.0000 -42.0000
235.0000 -48.0000
230.0000 -48.0000
230.0000 -54.0000
225.7500 -54.0000
225.7500 -55.0000
218.0000 -55.0000
212.5000 -55.0000
#Lyn
110.5000  35.5000
110.5000  44.5000
102.0000  44.5000
102.0000  50.0000
097.5000  50.0000
097.5000  54.0000
091.5000  54.0000
091.5000  56.0000
091.5000  62.0000
105.0000  62.0000
105.0000  60.0000
119.5000  60.0000
126.2500  60.0000
126.2500  47.0000
137.5000  47.0000
137.5000  42.0000
143.7500  42.0000
143.7500  39.7500
138.7500  39.7500
138.7500  33.5000
120.0000  33.5000
116.2500  33.5000
116.2500  35.5000
110.5000  35.5000
#Lyr
283.0000  25.5000
283.0000  26.0000
275.5000  26.0000
275.5000  30.0000
272.6250  30.0000
272.6250  47.5000
273.5000  47.5000
286.2500  47.5000
287.5000  47.5000
287.5000  43.5000
291.0000  43.5000
291.0000  36.5000
290.3750  36.5000
290.3750  30.0000
288.8750  30.0000
288.8750  27.5000
288.8750  25.5000
283.0000  25.5000
#Men
115.0000 -85.0000
052.5000 -85.0000
052.5000 -82.5000
052.5000 -75.0000
068.7500 -75.0000
068.7500 -70.0000
098.7500 -70.0000
098.7500 -75.0000
115.0000 -75.0000
115.0000 -82.5000
115.0000 -85.0000
#Mic
305.0000 -28.0000
320.0000 -28.0000
320.0000 -37.0000
320.0000 -45.5000
305.0000 -45.5000
305.0000 -28.0000
#Mon
093.6250   0.0000
093.6250  10.0000
094.6250  10.0000
094.6250  12.0000
104.0000  12.0000
104.0000  10.0000
105.0000  10.0000
105.0000   5.5000
105.2500   5.5000
105.2500   1.5000
108.0000   1.5000
108.0000   0.0000
121.2500   0.0000
121.2500 -11.0000
110.5000 -11.0000
091.7500 -11.0000
087.5000 -11.0000
087.5000  -4.0000
093.6250  -4.0000
093.6250   0.0000
#Mus
168.7500 -64.0000
177.5000 -64.0000
192.5000 -64.0000
202.5000 -64.0000
202.5000 -65.0000
205.0000 -65.0000
205.0000 -70.0000
205.0000 -75.0000
168.7500 -75.0000
168.7500 -64.0000
#Nor
230.0000 -60.0000
230.0000 -55.0000
225.7500 -55.0000
225.7500 -54.0000
230.0000 -54.0000
230.0000 -48.0000
235.0000 -48.0000
235.0000 -42.0000
240.0000 -42.0000
246.3124 -42.0000
246.3124 -45.5000
246.3124 -60.0000
230.0000 -60.0000
#Oct
000.0000 -82.5000
052.5000 -82.5000
052.5000 -85.0000
115.0000 -85.0000
115.0000 -82.5000
205.0000 -82.5000
270.0000 -82.5000
270.0000 -75.0000
320.0000 -75.0000
350.0000 -75.0000
360.0000 -75.0000
360.0000 -90.0000
000.0000 -90.0000
000.0000 -82.5000
#Oph
244.0000   0.0000
244.0000   4.0000
251.2500   4.0000
251.2500  12.8333
258.7500  12.8333
258.7500  14.3333
273.7500  14.3333
273.7500  12.0000
279.9333  12.0000
279.9333   6.2500
273.7500   6.2500
273.7500   4.5000
276.3750   4.5000
276.3750   3.0000
273.7500   3.0000
273.7500   0.0000
267.5000   0.0000
267.5000  -4.0000
269.5000  -4.0000
269.5000 -10.0000
265.0000 -10.0000
265.0000 -11.6667
263.7500 -11.6667
263.7500 -10.0000
257.5000 -10.0000
257.5000 -16.0000
264.0000 -16.0000
264.0000 -30.0000
251.2500 -30.0000
251.2500 -24.5833
244.0000 -24.5833
244.0000 -19.2500
245.6250 -19.2500
245.6250 -18.2500
244.0000 -18.2500
244.0000  -8.0000
238.7500  -8.0000
238.7500  -3.2500
244.0000  -3.2500
244.0000   0.0000
#Ori
069.2500   0.0000
069.2500  15.5000
074.5000  15.5000
074.5000  16.0000
080.0000  16.0000
080.0000  15.5000
084.0000  15.5000
084.0000  12.5000
086.5000  12.5000
086.5000  18.0000
085.5000  18.0000
085.5000  22.8333
088.2500  22.8333
088.2500  21.5000
093.2500  21.5000
093.2500  17.5000
094.6250  17.5000
094.6250  12.0000
094.6250  10.0000
093.6250  10.0000
093.6250   0.0000
093.6250  -4.0000
087.5000  -4.0000
087.5000 -11.0000
076.2500 -11.0000
076.2500  -4.0000
070.0000  -4.0000
070.0000   0.0000
069.2500   0.0000
#Pav
270.0000 -75.0000
270.0000 -67.5000
262.5000 -67.5000
262.5000 -57.0000
270.0000 -57.0000
305.0000 -57.0000
305.0000 -60.0000
320.0000 -60.0000
320.0000 -75.0000
270.0000 -75.0000
#Peg
360.0000  10.0000
357.5000  10.0000
357.5000   7.5000
341.2500   7.5000
341.2500   2.0000
330.0000   2.0000
330.0000   1.7500
325.0000   1.7500
325.0000   2.7500
322.0000   2.7500
322.0000   2.0000
320.0000   2.0000
320.0000  12.5000
316.7500  12.5000
316.7500  11.8333
315.7500  11.8333
315.7500  19.5000
318.7500  19.5000
318.7500  23.5000
321.2500  23.5000
321.2500  28.0000
326.0000  28.0000
326.0000  36.0000
328.1250  36.0000
330.0000  36.0000
330.0000  35.0000
342.2500  35.0000
342.2500  34.5000
343.0000  34.5000
352.5000  34.5000
352.5000  32.0833
356.2500  32.0833
356.2500  31.3333
360.0000  31.3333
360.0000  10.0000

000.0000  28.0000
001.0000  28.0000
001.0000  22.0000
002.1250  22.0000
002.1250  21.0000
002.1250  12.5000
000.0000  12.5000
000.0000  10.0000
000.0000  28.0000
#Per
040.7500  30.6667
040.7500  34.0000
038.5000  34.0000
038.5000  36.7500
037.7500  36.7500
037.7500  50.5000
030.6250  50.5000
030.6250  47.0000
025.0000  47.0000
025.0000  50.0000
020.5000  50.0000
020.5000  54.0000
025.5000  54.0000
025.5000  57.5000
028.6250  57.5000
028.6250  58.5000
036.5000  58.5000
036.5000  57.0000
046.5000  57.0000
047.5000  57.0000
047.5000  55.0000
050.0000  55.0000
050.0000  52.5000
070.3750  52.5000
070.3750  36.0000
067.5000  36.0000
067.5000  30.6667
050.5000  30.6667
040.7500  30.6667
#Phe
000.0000 -40.0000
025.0000 -40.0000
035.0000 -40.0000
035.0000 -48.1667
027.5000 -48.1667
027.5000 -51.5000
023.7500 -51.5000
023.7500 -53.5000
020.0000 -53.5000
020.0000 -58.5000
000.0000 -58.5000
000.0000 -40.0000

360.0000 -58.5000
350.0000 -58.5000
350.0000 -57.0000
350.0000 -40.0000
360.0000 -40.0000
360.0000 -58.5000
#Pic
090.0000 -43.0000
090.0000 -50.7500
090.0000 -52.5000
092.5000 -52.5000
092.5000 -55.0000
097.5000 -55.0000
097.5000 -58.0000
102.5000 -58.0000
102.5000 -64.0000
098.7500 -64.0000
090.0000 -64.0000
090.0000 -61.0000
082.5000 -61.0000
082.5000 -57.5000
075.0000 -57.5000
075.0000 -54.0000
067.5000 -54.0000
067.5000 -49.0000
067.5000 -46.5000
072.5000 -46.5000
072.5000 -43.0000
075.0000 -43.0000
090.0000 -43.0000
#Psc (\PI)
360.0000  -7.0000
357.5000  -7.0000
357.5000  -4.0000
341.2500  -4.0000
341.2500   0.0000
341.2500   2.0000
341.2500   7.5000
357.5000   7.5000
357.5000  10.0000
360.0000  10.0000
360.0000  -7.0000

000.0000  -7.0000
000.0000  10.0000
000.0000  12.5000
002.1250  12.5000
002.1250  21.0000
012.7500  21.0000
012.7500  23.7500
010.7500  23.7500
010.7500  33.0000
021.1250  33.0000
021.1250  28.0000
025.0000  28.0000
025.0000  25.0000
025.0000   9.9167
030.0000   9.9167
030.0000   2.0000
005.0000   2.0000
005.0000   0.0000
005.0000  -7.0000
000.0000  -7.0000
#PsA
345.0000 -25.5000
345.0000 -37.0000
320.0000 -37.0000
320.0000 -28.0000
320.0000 -25.5000
328.0000 -25.5000
345.0000 -25.5000
#Pup
110.5000 -11.0000
121.2500 -11.0000
125.5000 -11.0000
125.5000 -17.0000
125.5000 -36.7500
125.5000 -43.0000
120.0000 -43.0000
120.0000 -50.7500
090.0000 -50.7500
090.0000 -43.0000
098.7500 -43.0000
098.7500 -33.0000
110.5000 -33.0000
110.5000 -11.0000
#Pyx
125.5000 -17.0000
128.7500 -17.0000
128.7500 -19.0000
136.2500 -19.0000
136.2500 -24.0000
140.5000 -24.0000
140.5000 -36.7500
125.5000 -36.7500
125.5000 -17.0000
#Ret
048.0000 -67.5000
048.0000 -57.5000
052.5000 -57.5000
052.5000 -53.1667
057.5000 -53.1667
060.0000 -53.1667
060.0000 -56.5000
065.0000 -56.5000
065.0000 -59.0000
068.7500 -59.0000
068.7500 -67.5000
048.0000 -67.5000
#Sge
283.0000  18.5000
283.0000  21.0833
288.7500  21.0833
288.7500  19.1667
297.5000  19.1667
297.5000  21.2500
303.7500  21.2500
303.7500  20.5000
303.7500  15.7500
302.1250  15.7500
297.5000  15.7500
297.5000  16.1667
285.0000  16.1667
285.0000  18.5000
283.0000  18.5000
#Sgr (\SG)
283.0000 -12.0333
300.0000 -12.0333
300.0000 -28.0000
305.0000 -28.0000
305.0000 -45.5000
287.5000 -45.5000
287.5000 -37.0000
267.5000 -37.0000
267.5000 -30.0000
264.0000 -30.0000
264.0000 -16.0000
273.7500 -16.0000
283.0000 -16.0000
283.0000 -12.0333
#Sco (\SC)
238.7500  -8.0000
244.0000  -8.0000
244.0000 -18.2500
245.6250 -18.2500
245.6250 -19.2500
244.0000 -19.2500
244.0000 -24.5833
251.2500 -24.5833
251.2500 -30.0000
264.0000 -30.0000
267.5000 -30.0000
267.5000 -37.0000
267.5000 -45.5000
246.3124 -45.5000
246.3124 -42.0000
240.0000 -42.0000
240.0000 -29.5000
235.0000 -29.5000
235.0000 -20.0000
238.7500 -20.0000
238.7500  -8.0000
#Scl
000.0000 -40.0000
000.0000 -25.5000
025.0000 -25.5000
025.0000 -40.0000
000.0000 -40.0000

360.0000 -40.0000
350.0000 -40.0000
350.0000 -37.0000
345.0000 -37.0000
345.0000 -25.5000
357.5000 -25.5000
360.0000 -25.5000
360.0000 -40.0000
#Sct
273.7500 -16.0000
273.7500  -4.0000
278.7500  -4.0000
283.0000  -4.0000
283.0000 -12.0333
283.0000 -16.0000
273.7500 -16.0000
#Ser
226.2500   0.0000
226.2500   8.0000
226.2500  26.0000
227.7500  26.0000
240.5000  26.0000
240.5000  22.0000
238.7500  22.0000
238.7500  16.0000
241.2500  16.0000
241.2500   4.0000
244.0000   4.0000
244.0000   0.0000
244.0000  -3.2500
238.7500  -3.2500
226.2500  -3.2500
226.2500   0.0000

273.7500   0.0000
273.7500   3.0000
276.3750   3.0000
276.3750   4.5000
273.7500   4.5000
273.7500   6.2500
279.9333   6.2500
283.0000   6.2500
283.0000   2.0000
278.7500   2.0000
278.7500   0.0000
278.7500  -4.0000
273.7500  -4.0000
273.7500 -16.0000
264.0000 -16.0000
257.5000 -16.0000
257.5000 -10.0000
263.7500 -10.0000
263.7500 -11.6667
265.0000 -11.6667
265.0000 -10.0000
269.5000 -10.0000
269.5000  -4.0000
267.5000  -4.0000
267.5000   0.0000
273.7500   0.0000
#Sex
143.7500   0.0000
143.7500   7.0000
161.2500   7.0000
161.2500   0.0000
161.2500  -6.0000
161.2500 -11.0000
143.7500 -11.0000
143.7500   0.0000
#Tau (\TA)
049.2500  -1.7500
049.2500   0.0000
049.2500   9.9167
049.2500  19.0000
050.5000  19.0000
050.5000  30.6667
067.5000  30.6667
067.5000  30.0000
071.2500  30.0000
071.2500  28.5000
088.2500  28.5000
088.2500  28.0000
088.2500  22.8333
085.5000  22.8333
085.5000  18.0000
086.5000  18.0000
086.5000  12.5000
084.0000  12.5000
084.0000  15.5000
080.0000  15.5000
080.0000  16.0000
074.5000  16.0000
074.5000  15.5000
069.2500  15.5000
069.2500   0.0000
053.7500   0.0000
053.7500  -1.7500
049.2500  -1.7500
#Tel
305.0000 -57.0000
270.0000 -57.0000
270.0000 -45.5000
287.5000 -45.5000
305.0000 -45.5000
305.0000 -57.0000
#Tri
025.0000  25.0000
025.0000  28.0000
021.1250  28.0000
021.1250  33.0000
021.1250  35.0000
030.0000  35.0000
030.0000  36.7500
037.7500  36.7500
038.5000  36.7500
038.5000  34.0000
040.7500  34.0000
040.7500  30.6667
036.2500  30.6667
036.2500  27.2500
028.7500  27.2500
028.7500  25.0000
025.0000  25.0000
#TrA
221.2500 -70.0000
221.2500 -67.5000
223.7500 -67.5000
223.7500 -63.5833
227.5000 -63.5833
227.5000 -61.0000
230.0000 -61.0000
230.0000 -60.0000
246.3124 -60.0000
246.3124 -61.0000
248.7500 -61.0000
248.7500 -63.5833
251.2500 -63.5833
251.2500 -65.0000
252.5000 -65.0000
252.5000 -67.5000
255.0000 -67.5000
255.0000 -70.0000
221.2500 -70.0000
#Tuc
360.0000 -75.0000
350.0000 -75.0000
350.0000 -67.5000
330.0000 -67.5000
330.0000 -57.0000
350.0000 -57.0000
350.0000 -58.5000
360.0000 -58.5000
360.0000 -75.0000

000.0000 -75.0000
000.0000 -58.5000
020.0000 -58.5000
020.0000 -76.0000
011.2500 -76.0000
011.2500 -75.0000
000.0000 -75.0000
#UMa
143.7500  42.0000
137.5000  42.0000
137.5000  47.0000
126.2500  47.0000
126.2500  60.0000
119.5000  60.0000
119.5000  73.5000
137.5000  73.5000
170.0000  73.5000
170.0000  66.5000
180.0000  66.5000
180.0000  64.0000
202.5000  64.0000
202.5000  63.0000
216.2500  63.0000
216.2500  55.5000
210.5000  55.5000
210.5000  48.5000
202.5000  48.5000
202.5000  53.0000
181.2500  53.0000
181.2500  45.0000
180.0000  45.0000
180.0000  34.0000
180.0000  29.0000
178.0000  29.0000
165.0000  29.0000
165.0000  34.0000
161.7500  34.0000
161.7500  40.0000
152.5000  40.0000
152.5000  42.0000
143.7500  42.0000
#UMi
195.0000  77.0000
203.7500  77.0000
203.7500  80.0000
217.5000  80.0000
217.5000  86.5000
120.0000  86.5000
120.0000  88.0000
000.0000  88.0000
000.0000  90.0000
360.0000  90.0000
360.0000  88.0000
345.0000  88.0000
345.0000  86.1667
315.0000  86.1667
315.0000  86.0000
270.0000  86.0000
270.0000  80.0000
262.5000  80.0000
262.5000  75.0000
248.0000  75.0000
248.0000  70.0000
235.0000  70.0000
235.0000  66.0000
210.0000  66.0000
210.0000  70.0000
195.0000  70.0000
195.0000  77.0000
#Vel
165.0000 -56.5000
132.5000 -56.5000
132.5000 -54.5000
126.7500 -54.5000
126.7500 -53.0000
122.5000 -53.0000
122.5000 -50.7500
120.0000 -50.7500
120.0000 -43.0000
125.5000 -43.0000
125.5000 -36.7500
140.5000 -36.7500
140.5000 -39.7500
165.0000 -39.7500
165.0000 -56.5000
#Vir (\VI)
172.7500   0.0000
172.7500  11.0000
178.0000  11.0000
178.0000  14.0000
192.5000  14.0000
192.5000  15.0000
202.5000  15.0000
202.5000   8.0000
226.2500   8.0000
226.2500   0.0000
220.0000   0.0000
220.0000  -8.0000
213.7500  -8.0000
213.7500 -22.0000
192.5000 -22.0000
192.5000 -11.0000
177.5000 -11.0000
177.5000  -6.0000
172.7500  -6.0000
172.7500   0.0000
#Vol
098.7500 -64.0000
102.5000 -64.0000
135.5000 -64.0000
135.5000 -75.0000
115.0000 -75.0000
098.7500 -75.0000
098.7500 -70.0000
098.7500 -64.0000
#Vul
283.0000  21.0833
283.0000  25.5000
288.8750  25.5000
288.8750  27.5000
295.0000  27.5000
295.0000  29.0000
313.7500  29.0000
313.7500  28.0000
321.2500  28.0000
321.2500  23.5000
318.7500  23.5000
318.7500  19.5000
315.7500  19.5000
308.5000  19.5000
308.5000  20.5000
303.7500  20.5000
303.7500  21.2500
297.5000  21.2500
297.5000  19.1667
288.7500  19.1667
288.7500  21.0833
283.0000  21.0833