O5 54000 -10.0 846000 30.3 198 203 255
O6 45000 -8.8 275000 22.9 198 203 255
O7 43300 -8.6 220000 21.7 199 204 255
O8 40600 -8.2 150000 19.7 199 204 254
O9 37800 -7.7 95000 17.6 199 204 254
B0 22000 -6.0 20000 12.0 203 209 252
B1 23000 -4.4 4600 8.24 203 208 252
B2 21000 -3.8 2600 7.14 204 209 252
B3 17600 -2.6 900 5.48 206 211 250
B5 15200 -1.6 360 4.36 209 213 249
B6 14300 -1.2 250 3.98 210 214 249
B7 13500 -0.84 175 3.64 211 215 248
B8 12300 -0.23 100 3.16 213 217 247
B9 11400 0.29 62 2.81 215 219 246
A0 9600 1.4 22 2.17 221 222 243
A1 9330 1.6 18 2.06 222 223 242
A2 9040 1.8 15 1.97 223 224 241
A3 8750 2.1 12 1.86 225 225 241
A4 8480 2.3 10 1.78 226 226 240
A5 8310 2.4 9.0 1.73 227 226 240
A7 7920 2.7 6.7 1.61 230 227 238
F0 7350 3.2 4.3 1.44 234 229 236
F2 7050 3.5 3.3 1.35 236 230 235
F3 6850 3.7 2.8 1.29 238 231 234
F5 6700 3.8 2.4 1.25 239 232 233
F6 6550 4.0 2.1 1.20 241 232 232
F7 6400 4.1 1.8 1.16 242 233 232
F8 6300 4.2 1.7 1.14 244 233 231
G0 6050 4.5 1.3 1.07 247 234 229
G1 5930 4.6 1.2 1.04 248 235 229
G2 5800 4.8 1 1.00 250 236 228
G5 5660 4.9 0.86 0.963 252 236 227
G8 5440 5.2 0.68 0.908 255 237 225
K0 5240 5.4 0.54 0.857 255 235 220
K1 5110 5.6 0.46 0.824 255 233 217
K2 4960 5.8 0.38 0.785 255 232 213
K3 4800 6.0 0.31 0.746 255 229 209
K4 4600 6.3 0.24 0.700 255 226 203
K5 4400 6.6 0.19 0.660 255 223 197
K7 4000 7.3 0.10 0.562 255 216 183
M0 3750 7.7 0.069 0.513 255 210 174
M1 3700 7.8 0.064 0.503 255 209 172
M2 3600 7.9 0.054 0.482 255 207 167
M3 3500 8.1 0.046 0.463 255 204 163
M4 3400 8.3 0.038 0.442 255 201 159
M5 3200 8.7 0.026 0.402 255 195 150
M6 3100 8.9 0.022 0.385 255 192 145
M7 2900 9.4 0.014 0.346 255 185 134
M8 2700 9.9 0.0093 0.311 255 178 123
